interpolation_factor: 5		scale: 5	interp_method: spline
norm1: 1	norm2: 1
index[3,4] - index[4,2] = 0.078220
         0    0.6698    0.3025    0.1160
    0.5515         0    0.5969    0.1499
    0.2438    0.6783         0    0.3342
    0.0956    0.2560    0.4208         0

------------------------------------------------------
interpolation_factor: 5		scale: 6	interp_method: spline
norm1: 1	norm2: 1
index[3,4] - index[4,2] = 0.073499
         0    0.6182    0.2382    0.0754
    0.4896         0    0.5383    0.1025
    0.1838    0.6276         0    0.2684
    0.0598    0.1949    0.3539         0

------------------------------------------------------
interpolation_factor: 5		scale: 10	interp_method: spline
norm1: 1	norm2: 1
index[3,4] - index[4,2] = 0.046162
         0    0.4486    0.0915    0.0135
    0.3042         0    0.3563    0.0225
    0.0594    0.4601         0    0.1117
    0.0091    0.0655    0.1771         0

------------------------------------------------------
interpolation_factor: 10		scale: 5	interp_method: spline
norm1: 1	norm2: 1
index[3,4] - index[4,2] = 0.075016
         0    0.5379    0.1688    0.0520
    0.4564         0    0.4667    0.0759
    0.1623    0.5566         0    0.2354
    0.0557    0.1603    0.3090         0

------------------------------------------------------
interpolation_factor: 10		scale: 6	interp_method: spline
norm1: 1	norm2: 1
index[3,4] - index[4,2] = 0.065040
         0    0.4751    0.1182    0.0288
    0.3901         0    0.4007    0.0453
    0.1128    0.4950         0    0.1762
    0.0312    0.1112    0.2443         0

------------------------------------------------------
interpolation_factor: 10		scale: 10	interp_method: spline
norm1: 1	norm2: 1
index[3,4] - index[4,2] = 0.029684
         0    0.2893    0.0285    0.0027
    0.2083         0    0.2178    0.0058
    0.0263    0.3098         0    0.0554
    0.0031    0.0257    0.0955         0

------------------------------------------------------
interpolation_factor: 20		scale: 5	interp_method: spline
norm1: 1	norm2: 1
index[3,4] - index[4,2] = 0.086933
         0    0.4186    0.1145    0.0336
    0.3683         0    0.3864    0.0540
    0.1037    0.4535         0    0.1947
    0.0346    0.1078    0.2395         0

------------------------------------------------------
interpolation_factor: 20		scale: 6	interp_method: spline
norm1: 1	norm2: 1
index[3,4] - index[4,2] = 0.071341
         0    0.3516    0.0742    0.0171
    0.3016         0    0.3195    0.0301
    0.0659    0.3872         0    0.1404
    0.0176    0.0690    0.1799         0

------------------------------------------------------
interpolation_factor: 20		scale: 10	interp_method: spline
norm1: 1	norm2: 1
index[3,4] - index[4,2] = 0.026301
         0    0.1752    0.0131    0.0011
    0.1356         0    0.1493    0.0029
    0.0107    0.2057         0    0.0379
    0.0012    0.0116    0.0573         0

------------------------------------------------------
interpolation_factor: 5		scale: 5	interp_method: spline
norm1: 1	norm2: 0
         0    0.8587    0.5540    0.1947
    0.7085         0    0.7930    0.2688
    0.3533    0.8360         0    0.5069
    0.1499    0.4556    0.6101         0

------------------------------------------------------
interpolation_factor: 5		scale: 6	interp_method: spline
norm1: 1	norm2: 0
         0    0.8329    0.4922    0.1403
    0.6613         0    0.7571    0.2067
    0.2870    0.8066         0    0.4425
    0.1026    0.3894    0.5527         0

------------------------------------------------------
interpolation_factor: 5		scale: 10	interp_method: spline
norm1: 1	norm2: 0
         0    0.7373    0.3069    0.0379
    0.5020         0    0.6289    0.0723
    0.1249    0.6989         0    0.2569
    0.0225    0.2076    0.3722         0

------------------------------------------------------
interpolation_factor: 10		scale: 5	interp_method: spline
norm1: 1	norm2: 0
         0    0.7755    0.3150    0.0747
    0.6461         0    0.6634    0.1403
    0.2704    0.7522         0    0.3851
    0.0940    0.3236    0.5089         0

------------------------------------------------------
interpolation_factor: 10		scale: 6	interp_method: spline
norm1: 1	norm2: 0
index[3,4] - index[4,2] = 0.059919
         0    0.7370    0.2500    0.0445
    0.5921         0    0.6111    0.0948
    0.2082    0.7105         0    0.3181
    0.0586    0.2582    0.4445         0

------------------------------------------------------
interpolation_factor: 10		scale: 10	interp_method: spline
norm1: 1	norm2: 0
index[3,4] - index[4,2] = 0.043553
         0    0.6013    0.0992    0.0056
    0.4175         0    0.4401    0.0197
    0.0731    0.5658         0    0.1483
    0.0088    0.1047    0.2589         0

------------------------------------------------------
interpolation_factor: 20		scale: 5	interp_method: spline
norm1: 1	norm2: 0
index[3,4] - index[4,2] = 0.140945
         0    0.6447    0.2103    0.0410
    0.5744         0    0.5834    0.0990
    0.1968    0.6326         0    0.3389
    0.0604    0.1979    0.4071         0

------------------------------------------------------
interpolation_factor: 20		scale: 6	interp_method: spline
norm1: 1	norm2: 0
index[3,4] - index[4,2] = 0.129770
         0    0.5905    0.1540    0.0217
    0.5141         0    0.5238    0.0624
    0.1421    0.5772         0    0.2729
    0.0344    0.1432    0.3402         0

------------------------------------------------------
interpolation_factor: 20		scale: 10	interp_method: spline
norm1: 1	norm2: 0
index[3,4] - index[4,2] = 0.075658
         0    0.4156    0.0442    0.0017
    0.3299         0    0.3404    0.0098
    0.0387    0.4001         0    0.1148
    0.0036    0.0392    0.1658         0

------------------------------------------------------
interpolation_factor: 5		scale: 5	interp_method: spline
norm1: 0	norm2: 1
         0    0.8620    0.5659    0.1757
    0.7336         0    0.8140    0.2674
    0.3836    0.8409         0    0.5248
    0.1584    0.4603    0.6299         0

------------------------------------------------------
interpolation_factor: 5		scale: 6	interp_method: spline
norm1: 0	norm2: 1
         0    0.8368    0.5050    0.1241
    0.6896         0    0.7812    0.2054
    0.3168    0.8123         0    0.4613
    0.1096    0.3942    0.5742         0

------------------------------------------------------
interpolation_factor: 5		scale: 10	interp_method: spline
norm1: 0	norm2: 1
         0    0.7431    0.3202    0.0309
    0.5382         0    0.6626    0.0715
    0.1472    0.7071         0    0.2754
    0.0251    0.2119    0.3967         0

------------------------------------------------------
interpolation_factor: 10		scale: 5	interp_method: spline
norm1: 0	norm2: 1
         0    0.7781    0.3405    0.0556
    0.6686         0    0.6887    0.1373
    0.2873    0.7601         0    0.4150
    0.0931    0.3321    0.5311         0

------------------------------------------------------
interpolation_factor: 10		scale: 6	interp_method: spline
norm1: 0	norm2: 1
index[3,4] - index[4,2] = 0.081726
         0    0.7400    0.2745    0.0312
    0.6168         0    0.6392    0.0923
    0.2238    0.7195         0    0.3481
    0.0579    0.2664    0.4679         0

------------------------------------------------------
interpolation_factor: 10		scale: 10	interp_method: spline
norm1: 0	norm2: 1
index[3,4] - index[4,2] = 0.061977
         0    0.6055    0.1159    0.0031
    0.4470         0    0.4743    0.0188
    0.0825    0.5777         0    0.1723
    0.0087    0.1103    0.2820         0

------------------------------------------------------
interpolation_factor: 20		scale: 5	interp_method: spline
norm1: 0	norm2: 1
index[3,4] - index[4,2] = 0.145325
         0    0.6667    0.2188    0.0273
    0.5966         0    0.6199    0.0933
    0.2064    0.6692         0    0.3643
    0.0566    0.2189    0.4387         0

------------------------------------------------------
interpolation_factor: 20		scale: 6	interp_method: spline
norm1: 0	norm2: 1
index[3,4] - index[4,2] = 0.136064
         0    0.6148    0.1614    0.0133
    0.5380         0    0.5634    0.0581
    0.1506    0.6175         0    0.2976
    0.0319    0.1616    0.3721         0

------------------------------------------------------
interpolation_factor: 20		scale: 10	interp_method: spline
norm1: 0	norm2: 1
index[3,4] - index[4,2] = 0.084750
         0    0.4445    0.0479    0.0007
    0.3559         0    0.3843    0.0087
    0.0426    0.4478         0    0.1327
    0.0032    0.0479    0.1925         0

------------------------------------------------------

norm1_1_norm2_1 的前3个最佳结果:
第 1 名: 
差值: 0.086933
插值因子: 20
尺度因子: 5
对应的index矩阵为:
         0    0.4186    0.1145    0.0336
    0.3683         0    0.3864    0.0540
    0.1037    0.4535         0    0.1947
    0.0346    0.1078    0.2395         0

第 2 名: 
差值: 0.078220
插值因子: 5
尺度因子: 5
对应的index矩阵为:
         0    0.6698    0.3025    0.1160
    0.5515         0    0.5969    0.1499
    0.2438    0.6783         0    0.3342
    0.0956    0.2560    0.4208         0

第 3 名: 
差值: 0.075016
插值因子: 10
尺度因子: 5
对应的index矩阵为:
         0    0.5379    0.1688    0.0520
    0.4564         0    0.4667    0.0759
    0.1623    0.5566         0    0.2354
    0.0557    0.1603    0.3090         0


norm1_1_norm2_0 的前3个最佳结果:
第 1 名: 
差值: 0.140945
插值因子: 20
尺度因子: 5
对应的index矩阵为:
         0    0.6447    0.2103    0.0410
    0.5744         0    0.5834    0.0990
    0.1968    0.6326         0    0.3389
    0.0604    0.1979    0.4071         0

第 2 名: 
差值: 0.129770
插值因子: 20
尺度因子: 6
对应的index矩阵为:
         0    0.5905    0.1540    0.0217
    0.5141         0    0.5238    0.0624
    0.1421    0.5772         0    0.2729
    0.0344    0.1432    0.3402         0

第 3 名: 
差值: 0.075658
插值因子: 20
尺度因子: 10
对应的index矩阵为:
         0    0.4156    0.0442    0.0017
    0.3299         0    0.3404    0.0098
    0.0387    0.4001         0    0.1148
    0.0036    0.0392    0.1658         0


norm1_0_norm2_1 的前3个最佳结果:
第 1 名: 
差值: 0.145325
插值因子: 20
尺度因子: 5
对应的index矩阵为:
         0    0.6667    0.2188    0.0273
    0.5966         0    0.6199    0.0933
    0.2064    0.6692         0    0.3643
    0.0566    0.2189    0.4387         0

第 2 名: 
差值: 0.136064
插值因子: 20
尺度因子: 6
对应的index矩阵为:
         0    0.6148    0.1614    0.0133
    0.5380         0    0.5634    0.0581
    0.1506    0.6175         0    0.2976
    0.0319    0.1616    0.3721         0

第 3 名: 
差值: 0.084750
插值因子: 20
尺度因子: 10
对应的index矩阵为:
         0    0.4445    0.0479    0.0007
    0.3559         0    0.3843    0.0087
    0.0426    0.4478         0    0.1327
    0.0032    0.0479    0.1925         0

>> 1688    0.0520
    0.4564         0    0.466